a1=0
a2=1
a3=0
b1=-1
b2=0
b3=1
Acc = [-a1 1 0;-a2 0 1;-a3 0 0]
bcc=[0;0;1]
beta=inv([1 0 0;a1 1 0;a2 a1 1])*[b1;b2;b3]
ccc=[beta(3),beta(2),beta(1)]