M = 2
m = 0.1
l = 0.5
I = 0
b = 0.01
g = 9.81